28 10 2015 5 21
28 10 2015 15 17
29 10 2015 1 12
29 10 2015 11 08
29 10 2015 21 04
30 10 2015 7 00
30 10 2015 16 55
31 10 2015 2 51
31 10 2015 12 47
31 10 2015 22 43
1 11 2015 8 38
1 11 2015 18 34
2 11 2015 4 30
2 11 2015 14 26
3 11 2015 0 21
3 11 2015 10 17
3 11 2015 20 13
4 11 2015 6 09
4 11 2015 16 04
5 11 2015 2 00
5 11 2015 11 56
5 11 2015 21 52
6 11 2015 7 47
6 11 2015 17 43
7 11 2015 3 39
7 11 2015 13 35
7 11 2015 23 30
8 11 2015 9 26
8 11 2015 19 22
9 11 2015 5 18
9 11 2015 15 13
10 11 2015 1 09
10 11 2015 11 05
10 11 2015 21 01
11 11 2015 6 56
11 11 2015 16 52
12 11 2015 2 48
12 11 2015 12 43
12 11 2015 22 39
13 11 2015 8 35
13 11 2015 18 31
14 11 2015 4 26
14 11 2015 14 22
15 11 2015 0 18
15 11 2015 10 14
15 11 2015 20 09
16 11 2015 6 05
16 11 2015 16 01
17 11 2015 1 56
17 11 2015 11 52
17 11 2015 21 48
18 11 2015 7 44
18 11 2015 17 39
19 11 2015 3 35
19 11 2015 13 31
19 11 2015 23 27
20 11 2015 9 22
20 11 2015 19 18
21 11 2015 5 14
21 11 2015 15 09
22 11 2015 1 05
22 11 2015 11 01
22 11 2015 20 57
23 11 2015 6 52
23 11 2015 16 48
24 11 2015 2 44
24 11 2015 12 39
24 11 2015 22 35
25 11 2015 8 31
25 11 2015 18 27
26 11 2015 4 22
26 11 2015 14 18
27 11 2015 0 14
27 11 2015 10 09
27 11 2015 20 05
28 11 2015 6 01
28 11 2015 15 56
29 11 2015 1 52
29 11 2015 11 48
29 11 2015 21 44
30 11 2015 7 39
30 11 2015 17 35
1 12 2015 3 31
1 12 2015 13 26
1 12 2015 23 22
2 12 2015 9 18
2 12 2015 19 13
3 12 2015 5 09
3 12 2015 15 05
4 12 2015 1 01
4 12 2015 10 56
4 12 2015 20 52
5 12 2015 6 48
5 12 2015 16 43
6 12 2015 2 39
6 12 2015 12 35
6 12 2015 22 30
7 12 2015 8 26
7 12 2015 18 22
8 12 2015 4 17
8 12 2015 14 13
9 12 2015 0 09
9 12 2015 10 05
9 12 2015 20 00
10 12 2015 5 56
10 12 2015 15 52
11 12 2015 1 47
11 12 2015 11 43
11 12 2015 21 39
12 12 2015 7 34
12 12 2015 17 30
13 12 2015 3 26
13 12 2015 13 21
13 12 2015 23 17
14 12 2015 9 13
14 12 2015 19 08
15 12 2015 5 04
15 12 2015 15 00
16 12 2015 0 55
16 12 2015 10 51
16 12 2015 20 47
17 12 2015 6 42
17 12 2015 16 38
18 12 2015 2 34
18 12 2015 12 29
18 12 2015 22 25
19 12 2015 8 21
19 12 2015 18 16
20 12 2015 4 12
20 12 2015 14 08
21 12 2015 0 03
21 12 2015 9 59
21 12 2015 19 55
22 12 2015 5 50
22 12 2015 15 46
23 12 2015 1 42
23 12 2015 11 37
23 12 2015 21 33
24 12 2015 7 29
24 12 2015 17 24
25 12 2015 3 20
25 12 2015 13 16
25 12 2015 23 11
26 12 2015 9 07
26 12 2015 19 03
27 12 2015 4 58
27 12 2015 14 54
28 12 2015 0 50
28 12 2015 10 45
28 12 2015 20 41
29 12 2015 6 36
29 12 2015 16 32
30 12 2015 2 28
30 12 2015 12 23
30 12 2015 22 19
31 12 2015 8 15
31 12 2015 18 10
1 1 2016 4 06
1 1 2016 14 02
1 1 2016 23 57
2 1 2016 9 53
2 1 2016 19 49
3 1 2016 5 44
3 1 2016 15 40
4 1 2016 1 35
4 1 2016 11 31
4 1 2016 21 27
5 1 2016 7 22
5 1 2016 17 18
6 1 2016 3 14
6 1 2016 13 09
6 1 2016 23 05
7 1 2016 9 01
7 1 2016 18 56
8 1 2016 4 52
8 1 2016 14 47
9 1 2016 0 43
9 1 2016 10 39
9 1 2016 20 34
10 1 2016 6 30
10 1 2016 16 26
11 1 2016 2 21
11 1 2016 12 17
11 1 2016 22 12
12 1 2016 8 08
12 1 2016 18 04
13 1 2016 3 59
13 1 2016 13 55
13 1 2016 23 50
14 1 2016 9 46
14 1 2016 19 42
15 1 2016 5 37
15 1 2016 15 33
16 1 2016 1 29
16 1 2016 11 24
16 1 2016 21 20
17 1 2016 7 15
17 1 2016 17 11
18 1 2016 3 07
18 1 2016 13 02
18 1 2016 22 58
19 1 2016 8 53
19 1 2016 18 49
20 1 2016 4 45
20 1 2016 14 40
21 1 2016 0 36
21 1 2016 10 31
21 1 2016 20 27
22 1 2016 6 23
22 1 2016 16 18
23 1 2016 2 14
23 1 2016 12 09
23 1 2016 22 05
24 1 2016 8 01
24 1 2016 17 56
25 1 2016 3 52
25 1 2016 13 47
25 1 2016 23 43
26 1 2016 9 39
26 1 2016 19 34
27 1 2016 5 30
27 1 2016 15 25
28 1 2016 1 21
28 1 2016 11 17
28 1 2016 21 12
29 1 2016 7 08
29 1 2016 17 03
30 1 2016 2 59
30 1 2016 12 55
30 1 2016 22 50
31 1 2016 8 46
31 1 2016 18 41
1 2 2016 4 37
1 2 2016 14 33
2 2 2016 0 28
2 2 2016 10 24
2 2 2016 20 19
3 2 2016 6 15
3 2 2016 16 11
4 2 2016 2 06
4 2 2016 12 02
4 2 2016 21 57
5 2 2016 7 53
5 2 2016 17 48
6 2 2016 3 44
6 2 2016 13 40
6 2 2016 23 35
7 2 2016 9 31
7 2 2016 19 26
8 2 2016 5 22
8 2 2016 15 18
9 2 2016 1 13
9 2 2016 11 09
9 2 2016 21 04
10 2 2016 7 00
10 2 2016 16 55
11 2 2016 2 51
11 2 2016 12 47
11 2 2016 22 42
12 2 2016 8 38
12 2 2016 18 33
13 2 2016 4 29
13 2 2016 14 25
14 2 2016 0 20
14 2 2016 10 16
14 2 2016 20 11
15 2 2016 6 07
15 2 2016 16 02
16 2 2016 1 58
16 2 2016 11 54
16 2 2016 21 49
17 2 2016 7 45
17 2 2016 17 40
18 2 2016 3 36
18 2 2016 13 32
18 2 2016 23 27
19 2 2016 9 23
19 2 2016 19 18
20 2 2016 5 14
20 2 2016 15 09
21 2 2016 1 05
21 2 2016 11 01
21 2 2016 20 56
22 2 2016 6 52
22 2 2016 16 47
23 2 2016 2 43
23 2 2016 12 38
23 2 2016 22 34
24 2 2016 8 30
24 2 2016 18 25
25 2 2016 4 21
25 2 2016 14 16
26 2 2016 0 12
26 2 2016 10 08
26 2 2016 20 03
27 2 2016 5 59
27 2 2016 15 54
28 2 2016 1 50
28 2 2016 11 45
28 2 2016 21 41
29 2 2016 7 37
29 2 2016 17 32
1 3 2016 3 28
1 3 2016 13 23
1 3 2016 23 19
2 3 2016 9 14
2 3 2016 19 10
3 3 2016 5 06
3 3 2016 15 01
4 3 2016 0 57
4 3 2016 10 52
4 3 2016 20 48
5 3 2016 6 44
5 3 2016 16 39
6 3 2016 2 35
6 3 2016 12 30
6 3 2016 22 26
7 3 2016 8 21
7 3 2016 18 17
8 3 2016 4 13
8 3 2016 14 08
9 3 2016 0 04
9 3 2016 9 59
9 3 2016 19 55
10 3 2016 5 51
10 3 2016 15 46
11 3 2016 1 42
11 3 2016 11 37
11 3 2016 21 33
12 3 2016 7 29
12 3 2016 17 24
13 3 2016 3 20
13 3 2016 13 15
13 3 2016 23 11
14 3 2016 9 07
14 3 2016 19 02
15 3 2016 4 58
15 3 2016 14 53
16 3 2016 0 49
16 3 2016 10 45
16 3 2016 20 40
17 3 2016 6 36
17 3 2016 16 31
18 3 2016 2 27
18 3 2016 12 22
18 3 2016 22 18
19 3 2016 8 14
19 3 2016 18 09
20 3 2016 4 05
20 3 2016 14 01
20 3 2016 23 56
21 3 2016 9 52
21 3 2016 19 47
22 3 2016 5 43
22 3 2016 15 39
23 3 2016 1 34
23 3 2016 11 30
23 3 2016 21 25
24 3 2016 7 21
24 3 2016 17 17
25 3 2016 3 12
25 3 2016 13 08
25 3 2016 23 03
26 3 2016 8 59
26 3 2016 18 55
27 3 2016 4 50
27 3 2016 14 46
28 3 2016 0 42
28 3 2016 10 37
28 3 2016 20 33
29 3 2016 6 28
29 3 2016 16 24
30 3 2016 2 20
30 3 2016 12 15
30 3 2016 22 11
31 3 2016 8 06
31 3 2016 18 02
1 4 2016 3 58
1 4 2016 13 53
1 4 2016 23 49
2 4 2016 9 45
2 4 2016 19 40
3 4 2016 5 36
3 4 2016 15 32
4 4 2016 1 27
4 4 2016 11 23
4 4 2016 21 18
5 4 2016 7 14
5 4 2016 17 10
6 4 2016 3 05
6 4 2016 13 01
6 4 2016 22 57
7 4 2016 8 52
7 4 2016 18 48
8 4 2016 4 44
8 4 2016 14 39
9 4 2016 0 35
9 4 2016 10 31
9 4 2016 20 26
10 4 2016 6 22
10 4 2016 16 17
11 4 2016 2 13
11 4 2016 12 09
11 4 2016 22 04
12 4 2016 8 00
12 4 2016 17 56
13 4 2016 3 51
13 4 2016 13 47
13 4 2016 23 43
14 4 2016 9 38
14 4 2016 19 34
15 4 2016 5 30
15 4 2016 15 25
16 4 2016 1 21
16 4 2016 11 17
16 4 2016 21 12
17 4 2016 7 08
17 4 2016 17 04
18 4 2016 2 59
18 4 2016 12 55
18 4 2016 22 51
19 4 2016 8 46
19 4 2016 18 42
20 4 2016 4 38
20 4 2016 14 33
21 4 2016 0 29
21 4 2016 10 25
21 4 2016 20 20
22 4 2016 6 16
22 4 2016 16 12
23 4 2016 2 07
23 4 2016 12 03
23 4 2016 21 59
24 4 2016 7 55
24 4 2016 17 50
25 4 2016 3 46
25 4 2016 13 42
25 4 2016 23 37
26 4 2016 9 33
26 4 2016 19 29
27 4 2016 5 24
27 4 2016 15 20
28 4 2016 1 16
28 4 2016 11 11
28 4 2016 21 07
29 4 2016 7 03
29 4 2016 16 59
30 4 2016 2 54
30 4 2016 12 50
30 4 2016 22 46
1 5 2016 8 41
1 5 2016 18 37
2 5 2016 4 33
2 5 2016 14 28
3 5 2016 0 24
3 5 2016 10 20
3 5 2016 20 16
4 5 2016 6 11
4 5 2016 16 07
5 5 2016 2 03
5 5 2016 11 58
5 5 2016 21 54
6 5 2016 7 50
6 5 2016 17 46
7 5 2016 3 41
7 5 2016 13 37
7 5 2016 23 33
8 5 2016 9 28
8 5 2016 19 24
9 5 2016 5 20
9 5 2016 15 16
10 5 2016 1 11
10 5 2016 11 07
10 5 2016 21 03
11 5 2016 6 59
11 5 2016 16 54
12 5 2016 2 50
12 5 2016 12 46
12 5 2016 22 42
13 5 2016 8 37
13 5 2016 18 33
14 5 2016 4 29
14 5 2016 14 24
15 5 2016 0 20
15 5 2016 10 16
15 5 2016 20 12
16 5 2016 6 07
16 5 2016 16 03
17 5 2016 1 59
17 5 2016 11 55
17 5 2016 21 50
18 5 2016 7 46
18 5 2016 17 42
19 5 2016 3 38
19 5 2016 13 33
19 5 2016 23 29
20 5 2016 9 25
20 5 2016 19 21
21 5 2016 5 16
21 5 2016 15 12
22 5 2016 1 08
22 5 2016 11 04
22 5 2016 20 59
23 5 2016 6 55
23 5 2016 16 51
24 5 2016 2 47
24 5 2016 12 42
24 5 2016 22 38
25 5 2016 8 34
25 5 2016 18 30
26 5 2016 4 25
26 5 2016 14 21
27 5 2016 0 17
27 5 2016 10 13
27 5 2016 20 09
28 5 2016 6 04
28 5 2016 16 00
29 5 2016 1 56
29 5 2016 11 52
29 5 2016 21 47
30 5 2016 7 43
30 5 2016 17 39
31 5 2016 3 35
31 5 2016 13 30
31 5 2016 23 26
1 6 2016 9 22
1 6 2016 19 18
2 6 2016 5 14
2 6 2016 15 09
3 6 2016 1 05
3 6 2016 11 01
3 6 2016 20 57
4 6 2016 6 52
4 6 2016 16 48
5 6 2016 2 44
5 6 2016 12 40
5 6 2016 22 36
6 6 2016 8 31
6 6 2016 18 27
7 6 2016 4 23
7 6 2016 14 19
8 6 2016 0 15
8 6 2016 10 10
8 6 2016 20 06
9 6 2016 6 02
9 6 2016 15 58
10 6 2016 1 53
10 6 2016 11 49
10 6 2016 21 45
11 6 2016 7 41
11 6 2016 17 37
12 6 2016 3 32
12 6 2016 13 28
12 6 2016 23 24
13 6 2016 9 20
13 6 2016 19 16
14 6 2016 5 11
14 6 2016 15 07
15 6 2016 1 03
15 6 2016 10 59
15 6 2016 20 55
16 6 2016 6 50
16 6 2016 16 46
17 6 2016 2 42
17 6 2016 12 38
17 6 2016 22 34
18 6 2016 8 29
18 6 2016 18 25
19 6 2016 4 21
19 6 2016 14 17
20 6 2016 0 13
20 6 2016 10 08
20 6 2016 20 04
21 6 2016 6 00
21 6 2016 15 56
22 6 2016 1 52
22 6 2016 11 48
22 6 2016 21 43
23 6 2016 7 39
23 6 2016 17 35
24 6 2016 3 31
24 6 2016 13 27
24 6 2016 23 22
25 6 2016 9 18
25 6 2016 19 14
26 6 2016 5 10
26 6 2016 15 06
27 6 2016 1 01
27 6 2016 10 57
27 6 2016 20 53
28 6 2016 6 49
28 6 2016 16 45
29 6 2016 2 41
29 6 2016 12 36
29 6 2016 22 32
30 6 2016 8 28
30 6 2016 18 24
1 7 2016 4 20
1 7 2016 14 15
2 7 2016 0 11
2 7 2016 10 07
2 7 2016 20 03
3 7 2016 5 59
3 7 2016 15 55
4 7 2016 1 50
4 7 2016 11 46
4 7 2016 21 42
5 7 2016 7 38
5 7 2016 17 34
6 7 2016 3 29
6 7 2016 13 25
6 7 2016 23 21
7 7 2016 9 17
7 7 2016 19 13
8 7 2016 5 09
8 7 2016 15 04
9 7 2016 1 00
9 7 2016 10 56
9 7 2016 20 52
10 7 2016 6 48
10 7 2016 16 44
11 7 2016 2 39
11 7 2016 12 35
11 7 2016 22 31
12 7 2016 8 27
12 7 2016 18 23
13 7 2016 4 19
13 7 2016 14 14
14 7 2016 0 10
14 7 2016 10 06
14 7 2016 20 02
15 7 2016 5 58
15 7 2016 15 54
16 7 2016 1 49
16 7 2016 11 45
16 7 2016 21 41
17 7 2016 7 37
17 7 2016 17 33
18 7 2016 3 29
18 7 2016 13 24
18 7 2016 23 20
19 7 2016 9 16
19 7 2016 19 12
20 7 2016 5 08
20 7 2016 15 04
21 7 2016 0 59
21 7 2016 10 55
21 7 2016 20 51
22 7 2016 6 47
22 7 2016 16 43
23 7 2016 2 39
23 7 2016 12 34
23 7 2016 22 30
24 7 2016 8 26
24 7 2016 18 22
25 7 2016 4 18
25 7 2016 14 14
26 7 2016 0 09
26 7 2016 10 05
26 7 2016 20 01
27 7 2016 5 57
27 7 2016 15 53
28 7 2016 1 49
28 7 2016 11 44
28 7 2016 21 40
29 7 2016 7 36
29 7 2016 17 32
30 7 2016 3 28
30 7 2016 13 24
30 7 2016 23 19
31 7 2016 9 15
31 7 2016 19 11
1 8 2016 5 07
1 8 2016 15 03
2 8 2016 0 59
2 8 2016 10 54
2 8 2016 20 50
3 8 2016 6 46
3 8 2016 16 42
4 8 2016 2 38
4 8 2016 12 34
4 8 2016 22 30
5 8 2016 8 25
5 8 2016 18 21
6 8 2016 4 17
6 8 2016 14 13
7 8 2016 0 09
7 8 2016 10 05
7 8 2016 20 00
8 8 2016 5 56
8 8 2016 15 52
9 8 2016 1 48
9 8 2016 11 44
9 8 2016 21 40
10 8 2016 7 35
10 8 2016 17 31
11 8 2016 3 27
11 8 2016 13 23
11 8 2016 23 19
12 8 2016 9 15
12 8 2016 19 11
13 8 2016 5 06
13 8 2016 15 02
14 8 2016 0 58
14 8 2016 10 54
14 8 2016 20 50
15 8 2016 6 46
15 8 2016 16 41
16 8 2016 2 37
16 8 2016 12 33
16 8 2016 22 29
17 8 2016 8 25
17 8 2016 18 21
18 8 2016 4 16
18 8 2016 14 12
19 8 2016 0 08
19 8 2016 10 04
19 8 2016 20 00
20 8 2016 5 56
20 8 2016 15 51
21 8 2016 1 47
21 8 2016 11 43
21 8 2016 21 39
22 8 2016 7 35
22 8 2016 17 31
23 8 2016 3 27
23 8 2016 13 22
23 8 2016 23 18
24 8 2016 9 14
24 8 2016 19 10
25 8 2016 5 06
25 8 2016 15 02
26 8 2016 0 57
26 8 2016 10 53
26 8 2016 20 49
27 8 2016 6 45
27 8 2016 16 41
28 8 2016 2 37
28 8 2016 12 32
28 8 2016 22 28
29 8 2016 8 24
29 8 2016 18 20
30 8 2016 4 16
30 8 2016 14 12
31 8 2016 0 07
31 8 2016 10 03
31 8 2016 19 59
1 9 2016 5 55
1 9 2016 15 51
2 9 2016 1 47
2 9 2016 11 42
2 9 2016 21 38
3 9 2016 7 34
3 9 2016 17 30
4 9 2016 3 26
4 9 2016 13 22
4 9 2016 23 18
5 9 2016 9 13
5 9 2016 19 09
6 9 2016 5 05
6 9 2016 15 01
7 9 2016 0 57
7 9 2016 10 53
7 9 2016 20 48
8 9 2016 6 44
8 9 2016 16 40
9 9 2016 2 36
9 9 2016 12 32
9 9 2016 22 28
10 9 2016 8 23
10 9 2016 18 19
11 9 2016 4 15
11 9 2016 14 11
12 9 2016 0 07
12 9 2016 10 03
12 9 2016 19 58
13 9 2016 5 54
13 9 2016 15 50
14 9 2016 1 46
14 9 2016 11 42
14 9 2016 21 38
15 9 2016 7 33
15 9 2016 17 29
16 9 2016 3 25
16 9 2016 13 21
16 9 2016 23 17
17 9 2016 9 13
17 9 2016 19 08
18 9 2016 5 04
18 9 2016 15 00
19 9 2016 0 56
19 9 2016 10 52
19 9 2016 20 48
20 9 2016 6 43
20 9 2016 16 39
21 9 2016 2 35
21 9 2016 12 31
21 9 2016 22 27
22 9 2016 8 22
22 9 2016 18 18
23 9 2016 4 14
23 9 2016 14 10
24 9 2016 0 06
24 9 2016 10 02
24 9 2016 19 57
25 9 2016 5 53
25 9 2016 15 49
26 9 2016 1 45
26 9 2016 11 41
26 9 2016 21 37
27 9 2016 7 32
27 9 2016 17 28
28 9 2016 3 24
28 9 2016 13 20
28 9 2016 23 16
29 9 2016 9 12
29 9 2016 19 07
30 9 2016 5 03
30 9 2016 14 59
1 10 2016 0 55
1 10 2016 10 51
1 10 2016 20 46
2 10 2016 6 42
2 10 2016 16 38
3 10 2016 2 34
3 10 2016 12 30
3 10 2016 22 26
4 10 2016 8 21
4 10 2016 18 17
5 10 2016 4 13
5 10 2016 14 09
6 10 2016 0 05
6 10 2016 10 00
6 10 2016 19 56
7 10 2016 5 52
7 10 2016 15 48
8 10 2016 1 44
8 10 2016 11 40
8 10 2016 21 35
9 10 2016 7 31
9 10 2016 17 27
10 10 2016 3 23
10 10 2016 13 19
10 10 2016 23 14
11 10 2016 9 10
11 10 2016 19 06
12 10 2016 5 02
12 10 2016 14 58
13 10 2016 0 53
13 10 2016 10 49
13 10 2016 20 45
14 10 2016 6 41
14 10 2016 16 37
15 10 2016 2 33
15 10 2016 12 28
15 10 2016 22 24
16 10 2016 8 20
16 10 2016 18 16
17 10 2016 4 12
17 10 2016 14 07
18 10 2016 0 03
18 10 2016 9 59
18 10 2016 19 55
19 10 2016 5 51
19 10 2016 15 46
20 10 2016 1 42
20 10 2016 11 38
20 10 2016 21 34
21 10 2016 7 30
21 10 2016 17 25
22 10 2016 3 21
22 10 2016 13 17
22 10 2016 23 13
23 10 2016 9 09
23 10 2016 19 04
24 10 2016 5 00
24 10 2016 14 56
25 10 2016 0 52
25 10 2016 10 48
25 10 2016 20 43
26 10 2016 6 39
26 10 2016 16 35
27 10 2016 2 31
27 10 2016 12 27
27 10 2016 22 22
28 10 2016 8 18
28 10 2016 18 14
29 10 2016 4 10
29 10 2016 14 06
30 10 2016 0 01
30 10 2016 9 57
30 10 2016 19 53
31 10 2016 5 49
31 10 2016 15 45
1 11 2016 1 40
1 11 2016 11 36
1 11 2016 21 32
2 11 2016 7 28
2 11 2016 17 23
3 11 2016 3 19
3 11 2016 13 15
3 11 2016 23 11
4 11 2016 9 07
4 11 2016 19 02
5 11 2016 4 58
5 11 2016 14 54
6 11 2016 0 50
6 11 2016 10 46
6 11 2016 20 41
7 11 2016 6 37
7 11 2016 16 33
8 11 2016 2 29
8 11 2016 12 24
8 11 2016 22 20
9 11 2016 8 16
9 11 2016 18 12
10 11 2016 4 08
10 11 2016 14 03
10 11 2016 23 59
11 11 2016 9 55
11 11 2016 19 51
12 11 2016 5 46
12 11 2016 15 42
13 11 2016 1 38
13 11 2016 11 34
13 11 2016 21 30
14 11 2016 7 25
14 11 2016 17 21
15 11 2016 3 17
15 11 2016 13 13
15 11 2016 23 08
16 11 2016 9 04
16 11 2016 19 00
17 11 2016 4 56
17 11 2016 14 51
18 11 2016 0 47
18 11 2016 10 43
18 11 2016 20 39
19 11 2016 6 35
19 11 2016 16 30
20 11 2016 2 26
20 11 2016 12 22
20 11 2016 22 18
21 11 2016 8 13
21 11 2016 18 09
22 11 2016 4 05
22 11 2016 14 01
22 11 2016 23 56
23 11 2016 9 52
23 11 2016 19 48
24 11 2016 5 44
24 11 2016 15 39
25 11 2016 1 35
25 11 2016 11 31
25 11 2016 21 27
26 11 2016 7 23
26 11 2016 17 18
27 11 2016 3 14
27 11 2016 13 10
27 11 2016 23 06
28 11 2016 9 01
28 11 2016 18 57
29 11 2016 4 53
29 11 2016 14 49
30 11 2016 0 44
30 11 2016 10 40
30 11 2016 20 36
1 12 2016 6 32
1 12 2016 16 27
2 12 2016 2 23
2 12 2016 12 19
2 12 2016 22 15
3 12 2016 8 10
3 12 2016 18 06
4 12 2016 4 02
4 12 2016 13 58
4 12 2016 23 53
5 12 2016 9 49
5 12 2016 19 45
6 12 2016 5 40
6 12 2016 15 36
7 12 2016 1 32
7 12 2016 11 28
7 12 2016 21 23
8 12 2016 7 19
8 12 2016 17 15
9 12 2016 3 11
9 12 2016 13 06
9 12 2016 23 02
10 12 2016 8 58
10 12 2016 18 54
11 12 2016 4 49
11 12 2016 14 45
12 12 2016 0 41
12 12 2016 10 36
12 12 2016 20 32
13 12 2016 6 28
13 12 2016 16 24
14 12 2016 2 19
14 12 2016 12 15
14 12 2016 22 11
15 12 2016 8 07
15 12 2016 18 02
16 12 2016 3 58
16 12 2016 13 54
16 12 2016 23 49
17 12 2016 9 45
17 12 2016 19 41
18 12 2016 5 37
18 12 2016 15 32
19 12 2016 1 28
19 12 2016 11 24
19 12 2016 21 20
20 12 2016 7 15
20 12 2016 17 11
21 12 2016 3 07
21 12 2016 13 02
21 12 2016 22 58
22 12 2016 8 54
22 12 2016 18 50
23 12 2016 4 45
23 12 2016 14 41
24 12 2016 0 37
24 12 2016 10 32
24 12 2016 20 28
25 12 2016 6 24
25 12 2016 16 20
26 12 2016 2 15
26 12 2016 12 11
26 12 2016 22 07
27 12 2016 8 02
27 12 2016 17 58
28 12 2016 3 54
28 12 2016 13 49
28 12 2016 23 45
29 12 2016 9 41
29 12 2016 19 37
30 12 2016 5 32
30 12 2016 15 28
31 12 2016 1 24
31 12 2016 11 19
31 12 2016 21 15
